g = m/s²
Experimental Value of acceleration	Accepted Value of acceleration
9.803243		9.803
Percent Error	-1.419285
Position (m),	Time (s)
219.066837,	0.000000
218.635856,	0.000200
218.192562,	0.000400
217.724640,	0.000600
217.293659,	0.000800
216.850365,	0.001000
216.419384,	0.001200
215.963776,	0.001400
215.520482,	0.001600
215.064874,	0.001800
214.633893,	0.002000
214.178285,	0.002200
213.747305,	0.002400
213.279383,	0.002600
212.860716,	0.002800
212.380481,	0.003000
211.961814,	0.003200
211.506206,	0.003400
211.087540,	0.003600
210.570363,	0.003800
210.139383,	0.004000
209.696089,	0.004200
209.277422,	0.004400
208.797187,	0.004600
208.378520,	0.004800
207.910599,	0.005000
207.504246,	0.005200
206.974756,	0.005400
206.556089,	0.005600
206.100482,	0.005800
205.694129,	0.006000
205.201580,	0.006200
204.782914,	0.006400
204.314992,	0.006600
203.859385,	0.006800
203.366836,	0.007000
202.948170,	0.007200
202.504876,	0.007400
202.049268,	0.007600
201.581347,	0.007800
201.162681,	0.008000
200.682446,	0.008200
200.214525,	0.008400
199.685035,	0.008600
199.290996,	0.008800
198.823075,	0.009000
198.034997,	0.009200
197.862605,	0.009400
197.443939,	0.009600
196.963705,	0.009800
196.532725,	0.010000
196.015549,	0.010200
195.584569,	0.010400
195.153589,	0.010600
194.611786,	0.010800
194.230061,	0.011000
193.712885,	0.011200
193.318847,	0.011400
192.838612,	0.011600
192.333750,	0.011800
191.915084,	0.012000
191.459477,	0.012200
190.966929,	0.012400
190.523635,	0.012600
190.055715,	0.012800
189.587794,	0.013000
189.082932,	0.013200
188.676580,	0.013400
188.220973,	0.013600
187.654542,	0.013800
187.223563,	0.014000
186.706387,	0.014200
186.312349,	0.014400
185.819801,	0.014600
185.376508,	0.014800
184.896274,	0.015000
184.403726,	0.015200
183.714159,	0.015400
183.406316,	0.015600
182.987650,	0.015800
182.507416,	0.016000
182.064123,	0.016200
181.633144,	0.016400
181.128282,	0.016600
180.721930,	0.016800
180.167814,	0.017000
179.761462,	0.017200
179.231973,	0.017400
178.751739,	0.017600
178.271505,	0.017800
177.729703,	0.018000
177.347978,	0.018200
176.695353,	0.018400
176.338256,	0.018600
175.882649,	0.018800
175.451670,	0.019000
174.946809,	0.019200
174.429634,	0.019400
173.986341,	0.019600
173.543048,	0.019800
173.038187,	0.020000
172.508699,	0.020200
172.040779,	0.020400
171.585172,	0.020600
171.129566,	0.020800
170.575450,	0.021000
170.169098,	0.021200
169.639610,	0.021400
169.122435,	0.021600
168.716084,	0.021800
168.223536,	0.022000
167.694048,	0.022200
167.312324,	0.022400
166.758208,	0.022600
166.191779,	0.022800
165.785427,	0.023000
165.268253,	0.023200
164.812647,	0.023400
164.258531,	0.023600
163.864493,	0.023800
163.371946,	0.024000
162.854772,	0.024200
162.362225,	0.024400
161.931246,	0.024600
161.377131,	0.024800
160.896897,	0.025000
160.392037,	0.025200
159.911803,	0.025400
159.468511,	0.025600
158.939023,	0.025800
158.471103,	0.026000
157.929302,	0.026200
157.486010,	0.026400
157.042717,	0.026600
156.513229,	0.026800
156.008369,	0.027000
155.306490,	0.027200
154.949393,	0.027400
154.444533,	0.027600
154.025868,	0.027800
153.557949,	0.028000
153.090029,	0.028200
152.597482,	0.028400
152.018740,	0.028600
151.538507,	0.028800
151.033647,	0.029000
150.553414,	0.029200
149.974671,	0.029400
149.556007,	0.029600
149.051146,	0.029800
148.583227,	0.030000
148.041426,	0.030200
147.548879,	0.030400
147.056333,	0.030600
146.526845,	0.030800
146.058926,	0.031000
145.554066,	0.031200
145.073833,	0.031400
144.532032,	0.031600
144.064113,	0.031800
143.546939,	0.032000
142.980511,	0.032200
142.549533,	0.032400
141.983105,	0.032600
141.552127,	0.032800
141.022639,	0.033000
140.542407,	0.033200
140.012919,	0.033400
139.495746,	0.033600
139.003200,	0.033800
138.461399,	0.034000
137.993480,	0.034200
137.476306,	0.034400
136.959133,	0.034600
136.454273,	0.034800
135.937099,	0.035000
135.456867,	0.035200
134.952007,	0.035400
134.447147,	0.035600
133.917660,	0.035800
133.400487,	0.036000
132.895627,	0.036200
132.390768,	0.036400
131.898222,	0.036600
131.344107,	0.036800
130.863875,	0.037000
130.322075,	0.037200
129.878783,	0.037400
129.312355,	0.037600
128.758241,	0.037800
128.290323,	0.038000
127.785463,	0.038200
127.292917,	0.038400
126.751117,	0.038600
126.197003,	0.038800
125.704457,	0.039000
125.150343,	0.039200
124.645484,	0.039400
124.140624,	0.039600
123.648079,	0.039800
123.130906,	0.040000
122.601419,	0.040200
122.096560,	0.040400
121.493191,	0.040600
121.062214,	0.040800
120.557354,	0.041000
119.904731,	0.041200
119.461440,	0.041400
118.956581,	0.041600
118.414781,	0.041800
117.909922,	0.042000
117.417376,	0.042200
116.850949,	0.042400
116.333776,	0.042600
115.828917,	0.042800
115.311744,	0.043000
114.782258,	0.043200
114.252772,	0.043400
113.710972,	0.043600
113.206113,	0.043800
112.036317,	0.044000
112.147140,	0.044200
111.629968,	0.044400
111.063540,	0.044600
110.570995,	0.044800
110.029195,	0.045000
109.524336,	0.045200
108.957909,	0.045400
108.502305,	0.045600
107.923564,	0.045800
107.369451,	0.046000
106.815338,	0.046200
106.347420,	0.046400
105.817934,	0.046600
105.263820,	0.046800
104.685080,	0.047000
104.180221,	0.047200
103.699990,	0.047400
103.145876,	0.047600
102.616390,	0.047800
102.025336,	0.048000
101.532791,	0.048200
101.015619,	0.048400
100.498447,	0.048600
99.932020,	0.048800
99.402534,	0.049000
98.848421,	0.049200
98.281994,	0.049400
97.814077,	0.049600
97.247650,	0.049800
96.668910,	0.050000
96.164051,	0.050200
95.659193,	0.050400
95.092766,	0.050600
94.575594,	0.050800
94.009168,	0.051000
93.455055,	0.051200
92.950196,	0.051400
92.396084,	0.051600
91.866598,	0.051800
91.189349,	0.052000
90.758372,	0.052200
90.241200,	0.052400
89.687088,	0.052600
89.120661,	0.052800
88.566548,	0.053000
88.061690,	0.053200
87.482950,	0.053400
86.965778,	0.053600
86.448607,	0.053800
85.882180,	0.054000
85.328068,	0.054200
84.798582,	0.054400
83.875061,	0.054600
83.665730,	0.054800
83.148558,	0.055000
82.569818,	0.055200
82.040333,	0.055400
81.486221,	0.055600
80.956735,	0.055800
80.402623,	0.056000
79.848510,	0.056200
79.306712,	0.056400
78.752599,	0.056600
78.223114,	0.056800
77.656688,	0.057000
76.991753,	0.057200
76.548463,	0.057400
75.994351,	0.057600
75.378671,	0.057800
74.849185,	0.058000
74.319700,	0.058200
73.802529,	0.058400
73.211476,	0.058600
72.645050,	0.058800
72.090938,	0.059000
71.499885,	0.059200
70.982713,	0.059400
70.440915,	0.059600
69.677471,	0.059800
69.320377,	0.060000
68.753951,	0.060200
68.175212,	0.060400
67.608786,	0.060600
67.091615,	0.060800
66.500562,	0.061000
65.971077,	0.061200
65.367711,	0.061400
64.850540,	0.061600
64.271800,	0.061800
63.717688,	0.062000
63.138949,	0.062200
62.609465,	0.062400
62.043039,	0.062600
61.476613,	0.062800
60.922502,	0.063000
60.368390,	0.063200
59.801964,	0.063400
59.173971,	0.063600
58.644486,	0.063800
58.115002,	0.064000
57.499322,	0.064200
56.945210,	0.064400
56.391098,	0.064600
55.172052,	0.064800
55.245934,	0.065000
54.667195,	0.065200
54.137711,	0.065400
53.558972,	0.065600
52.943292,	0.065800
52.426121,	0.066000
51.847382,	0.066200
51.231703,	0.066400
50.702218,	0.066600
50.135793,	0.066800
49.569368,	0.067000
48.978316,	0.067200
48.424204,	0.067400
47.820838,	0.067600
47.266727,	0.067800
46.687988,	0.068000
46.133877,	0.068200
45.567451,	0.068400
44.939458,	0.068600
44.385347,	0.068800
43.806608,	0.069000
43.190929,	0.069200
42.649131,	0.069400
42.119647,	0.069600
41.306950,	0.069800
40.949856,	0.070000
40.346491,	0.070200
39.755439,	0.070400
39.213641,	0.070600
38.597962,	0.070800
37.969969,	0.071000
37.477426,	0.071200
36.874060,	0.071400
36.319949,	0.071600
35.691956,	0.071800
35.125531,	0.072000
34.509852,	0.072200
33.968055,	0.072400
33.377003,	0.072600
32.810578,	0.072800
32.207213,	0.073000
31.628474,	0.073200
31.037422,	0.073400
30.421743,	0.073600
29.867632,	0.073800
29.301208,	0.074000
28.697842,	0.074200
28.131418,	0.074400
27.552680,	0.074600
26.949314,	0.074800
26.345949,	0.075000
25.742584,	0.075200
25.225414,	0.075400
24.572794,	0.075600
23.994056,	0.075800
23.415318,	0.076000
22.811953,	0.076200
22.245528,	0.076400
21.629849,	0.076600
21.075739,	0.076800
20.484687,	0.077000
19.881322,	0.077200
19.277957,	0.077400
18.699219,	0.077600
18.120481,	0.077800
17.480175,	0.078000
16.901437,	0.078200
16.310386,	0.078400
15.694707,	0.078600
15.115969,	0.078800
14.549545,	0.079000
13.921553,	0.079200
13.330501,	0.079400
12.727136,	0.079600
12.123772,	0.079800
11.532720,	0.080000
10.941669,	0.080200
10.362931,	0.080400
9.722626,	0.080600
9.119261,	0.080800
8.528209,	0.081000
7.937158,	0.081200
7.358420,	0.081400
6.755056,	0.081600
6.151691,	0.081800
5.548326,	0.082000
4.920334,	0.082200
4.341597,	0.082400
3.725918,	0.082600
3.147181,	0.082800
2.556129,	0.083000
1.940451,	0.083200
1.337087,	0.083400
0.709095,	0.083600
0.118044,	0.083800
-0.473007,	0.084000
-1.076372,	0.084200
-1.692050,	0.084400
-2.320042,	0.084600
-2.874152,	0.084800
-3.526771,	0.085000
-4.105509,	0.085200
-4.758127,	0.085400
-5.324551,	0.085600
-5.940229,	0.085800
-6.568221,	0.086000
-7.159272,	0.086200
-7.774950,	0.086400
-8.464509,	0.086600
-8.981679,	0.086800
-9.609670,	0.087000
-10.225348,	0.087200
-10.804086,	0.087400
-11.444391,	0.087600
-12.121637,	0.087800
-12.638806,	0.088000
-13.266798,	0.088200
-13.882475,	0.088400
-14.510467,	0.088600
-15.113831,	0.088800
-15.717196,	0.089000
-16.345187,	0.089200
-16.973178,	0.089400
-17.576543,	0.089600
-18.204534,	0.089800
-18.795585,	0.090000
-19.423576,	0.090200
-20.076195,	0.090400
-20.642618,	0.090600
-21.270609,	0.090800
-21.910914,	0.091000
-22.625100,	0.091200
-23.105329,	0.091400
-23.733320,	0.091600
-24.410566,	0.091800
-24.976989,	0.092000
-25.592667,	0.092200
-26.269912,	0.092400
-26.848649,	0.092600
-27.452014,	0.092800
-28.104632,	0.093000
-28.695682,	0.093200
-29.323674,	0.093400
-29.939351,	0.093600
-30.567342,	0.093800
-31.183020,	0.094000
-31.835638,	0.094200
-32.439002,	0.094400
-33.054680,	0.094600
-33.694984,	0.094800
-34.322975,	0.095000
-34.938653,	0.095200
-35.554330,	0.095400
-36.182321,	0.095600
-36.933448,	0.095800
-37.450617,	0.096000
-38.090922,	0.096200
-38.706599,	0.096400
-39.322276,	0.096600
-39.962581,	0.096800
-40.639826,	0.097000
-41.267817,	0.097200
-41.834240,	0.097400
-42.499172,	0.097600
-43.127163,	0.097800
-43.742840,	0.098000
-44.383145,	0.098200
-45.011135,	0.098400
-45.663753,	0.098600
-46.267117,	0.098800
-46.907422,	0.099000
-47.584667,	0.099200
-48.163403,	0.099400
-48.803708,	0.099600
-49.468639,	0.099800
-50.121257,	0.100000
-50.712307,	0.100200
-51.340298,	0.100400
-51.992916,	0.100600
-52.633220,	0.100800
-53.261211,	0.101000
-53.901515,	0.101200
-54.566446,	0.101400
-55.169810,	0.101600
-55.810114,	0.101800
-56.487359,	0.102000
-57.103036,	0.102200
-57.743341,	0.102400
-59.011636,	0.102600
-59.060890,	0.102800
-59.664253,	0.103000
-60.304557,	0.103200
-60.957175,	0.103400
-61.585166,	0.103600
-62.213156,	0.103800
-62.878088,	0.104000
-63.555332,	0.104200
-64.171010,	0.104400
-64.811314,	0.104600
-65.537813,	0.104800
-66.091922,	0.105000
-66.744540,	0.105200
-67.409471,	0.105400
-68.037461,	0.105600
-68.665452,	0.105800
-69.330383,	0.106000
-69.995314,	0.106200
-70.672559,	0.106400
-71.275922,	0.106600
-71.953167,	0.106800
-72.728920,	0.107000
-73.221461,	0.107200
-73.886392,	0.107400
-74.526696,	0.107600
-75.203941,	0.107800
-75.831931,	0.108000
-76.521490,	0.108200
-77.124853,	0.108400
-77.826725,	0.108600
-78.454715,	0.108800
-79.119646,	0.109000
-79.833831,	0.109200
-80.437195,	0.109400
-81.052871,	0.109600
-81.717802,	0.109800
-82.382733,	0.110000
-83.047664,	0.110200
-83.663341,	0.110400
-84.328272,	0.110600
-85.042457,	0.110800
-85.658134,	0.111000
-86.310751,	0.111200
-86.938742,	0.111400
-87.603673,	0.111600
-88.280917,	0.111800
-88.945848,	0.112000
-89.647720,	0.112200
-90.312650,	0.112400
-90.928327,	0.112600
-91.593258,	0.112800
-92.245875,	0.113000
-92.935433,	0.113200
-93.563424,	0.113400
-94.265295,	0.113600
-94.917912,	0.113800
-95.582843,	0.114000
-96.223147,	0.114200
-96.912705,	0.114400
-97.589949,	0.114600
-98.242567,	0.114800
-98.895184,	0.115000
-99.547801,	0.115200
-100.225045,	0.115400
-101.086993,	0.115600
-101.542594,	0.115800
-102.232151,	0.116000
-102.897082,	0.116200
-103.549699,	0.116400
-104.214630,	0.116600
-104.891874,	0.116800
-105.593746,	0.117000
-106.246363,	0.117200
-106.898980,	0.117400
-107.600852,	0.117600
-108.302723,	0.117800
-108.943027,	0.118000
-109.595644,	0.118200
-110.260575,	0.118400
-110.937819,	0.118600
-111.652004,	0.118800
-112.329248,	0.119000
-112.969551,	0.119200
-113.634482,	0.119400
-114.324040,	0.119600
-115.001284,	0.119800
-115.641588,	0.120000
-116.331146,	0.120200
-117.069957,	0.120400
-117.673320,	0.120600
-118.362878,	0.120800
-119.027809,	0.121000
-119.741994,	0.121200
-120.406924,	0.121400
-121.108795,	0.121600
-121.736786,	0.121800
-122.524852,	0.122000
-123.115901,	0.122200
-123.817772,	0.122400
-124.482703,	0.122600
-125.184574,	0.122800
-125.923386,	0.123000
-126.539062,	0.123200
-127.203993,	0.123400
-127.930491,	0.123600
-128.607735,	0.123800
-129.272666,	0.124000
-129.949910,	0.124200
-130.651781,	0.124400
-131.329026,	0.124600
-132.006270,	0.124800
-132.708141,	0.125000
-133.385385,	0.125200
-134.062629,	0.125400
-134.801441,	0.125600
-135.454058,	0.125800
-136.118989,	0.126000
-136.894741,	0.126200
-137.522731,	0.126400
-138.212289,	0.126600
-138.889533,	0.126800
-139.579090,	0.127000
-140.317902,	0.127200
-140.982833,	0.127400
-141.672390,	0.127600
-142.361948,	0.127800
-143.026878,	0.128000
-144.085842,	0.128200
-144.430621,	0.128400
-145.132492,	0.128600
-145.809736,	0.128800
-146.523921,	0.129000
-147.262732,	0.129200
-147.915350,	0.129400
-148.604907,	0.129600
-149.306778,	0.129800
-149.971709,	0.130000
-150.673580,	0.130200
-151.375451,	0.130400
-152.089636,	0.130600
-152.816134,	0.130800
-153.505692,	0.131000
-154.170622,	0.131200
-154.860180,	0.131400
-155.525110,	0.131600
-156.251609,	0.131800
-156.953480,	0.132000
-157.667664,	0.132200
-158.369536,	0.132400
-159.059093,	0.132600
-159.773278,	0.132800
-160.462836,	0.133000
-161.127766,	0.133200
-161.829637,	0.133400
-162.556135,	0.133600
-163.294947,	0.133800
-163.959878,	0.134000
-164.661749,	0.134200
-165.388247,	0.134400
-166.077805,	0.134600
-166.779676,	0.134800
-167.456920,	0.135000
-168.195732,	0.135200
-168.897603,	0.135400
-169.574847,	0.135600
-170.301345,	0.135800
-171.003216,	0.136000
-171.717401,	0.136200
-173.047262,	0.136400
-173.108830,	0.136600
-173.798388,	0.136800
-174.537199,	0.137000
-175.263698,	0.137200
-175.977882,	0.137400
-176.667440,	0.137600
-177.393938,	0.137800
-178.058869,	0.138000
-178.797681,	0.138200
-179.585747,	0.138400
-180.201423,	0.138600
-180.940235,	0.138800
-181.654420,	0.139000
-182.405545,	0.139200
-183.070476,	0.139400
-183.784660,	0.139600
-184.498845,	0.139800
-185.200716,	0.140000
-185.927215,	0.140200
-186.776848,	0.140400
-187.404838,	0.140600
-188.045142,	0.140800
-188.771640,	0.141000
-189.510452,	0.141200
-190.261577,	0.141400
-190.963449,	0.141600
-191.689947,	0.141800
-192.379505,	0.142000
-193.106003,	0.142200
-193.881755,	0.142400
-194.546686,	0.142600
-195.260871,	0.142800
-195.975056,	0.143000
-196.726181,	0.143200
-197.391112,	0.143400
-198.142237,	0.143600
-198.881049,	0.143800
-199.570607,	0.144000
-200.309419,	0.144200
-201.011290,	0.144400
-201.799356,	0.144600
-202.513541,	0.144800
-203.190785,	0.145000
-203.929597,	0.145200
-204.643782,	0.145400
-205.357967,	0.145600
-206.133720,	0.145800
-206.810964,	0.146000
-207.549776,	0.146200
-208.227020,	0.146400
-208.978146,	0.146600
-209.729271,	0.146800
-210.468083,	0.147000
-211.194582,	0.147200
-211.884140,	0.147400
-212.622952,	0.147600
-213.349450,	0.147800
-214.088262,	0.148000
-214.827074,	0.148200
-215.565886,	0.148400
-216.317012,	0.148600
-216.981943,	0.148800
-217.733069,	0.149000
-218.508821,	0.149200
-219.186066,	0.149400
-219.912564,	0.149600
-220.676003,	0.149800
-221.414816,	0.150000
-222.202882,	0.150200
-222.855499,	0.150400
-223.631252,	0.150600
-224.357751,	0.150800
-225.047309,	0.151000
-225.847688,	0.151200
-226.561874,	0.151400
-227.312999,	0.151600
-228.027184,	0.151800
-228.778310,	0.152000
-230.058918,	0.152200
-230.280562,	0.152400
-231.019374,	0.152600
-231.696619,	0.152800
-232.472371,	0.153000
-233.198870,	0.153200
-233.925369,	0.153400
-234.688808,	0.153600
-235.452248,	0.153800
-236.203374,	0.154000
-236.880618,	0.154200
-237.656371,	0.154400
-238.370556,	0.154600
-239.133996,	0.154800
-239.934376,	0.155000
-240.611621,	0.155200
-241.387374,	0.155400
-242.101559,	0.155600
-242.852685,	0.155800
-243.788514,	0.156000
-244.354937,	0.156200
-245.056809,	0.156400
-245.857189,	0.156600
-246.596001,	0.156800
-247.310187,	0.157000
-248.098253,	0.157200
-248.886320,	0.157400
-249.575878,	0.157600
-250.339318,	0.157800
-251.078131,	0.158000
-251.816943,	0.158200
-252.568069,	0.158400
-253.306882,	0.158600
-254.144203,	0.158800
-254.821448,	0.159000
-255.597201,	0.159200
-256.372954,	0.159400
-257.087140,	0.159600
-258.207672,	0.159800
-258.614019,	0.160000
-259.365146,	0.160200
-260.091645,	0.160400
-260.867398,	0.160600
-261.630838,	0.160800
-262.394278,	0.161000
-263.182345,	0.161200
-263.921157,	0.161400
-264.672284,	0.161600
-265.411097,	0.161800
-266.174537,	0.162000
-266.901036,	0.162200
-267.701416,	0.162400
-268.464856,	0.162600
-269.228296,	0.162800
-269.967109,	0.163000
-270.730549,	0.163200
-271.518616,	0.163400
-272.368251,	0.163600
-273.020869,	0.163800
-273.784310,	0.164000
-274.547750,	0.164200
-275.311190,	0.164400
-276.000749,	0.164600
-276.850384,	0.164800
-277.576883,	0.165000
-278.328010,	0.165200
-279.202272,	0.165400
-279.854890,	0.165600
-280.642957,	0.165800
-281.332516,	0.166000
-282.182152,	0.166200
-282.920965,	0.166400
-283.733659,	0.166600
-284.472472,	0.166800
-285.223599,	0.167000
-285.987040,	0.167200
-286.762793,	0.167400
-287.476980,	0.167600
-288.228107,	0.167800
-289.053115,	0.168000
-289.841182,	0.168200
-290.629250,	0.168400
-291.343436,	0.168600
-292.180758,	0.168800
-292.931885,	0.169000
-293.646071,	0.169200
-294.409512,	0.169400
-295.222207,	0.169600
-295.997961,	0.169800
-296.736774,	0.170000
-297.561783,	0.170200
-298.300596,	0.170400
-299.088664,	0.170600
-299.839791,	0.170800
-300.750995,	0.171000
-301.391300,	0.171200
-302.253249,	0.171400
-302.955122,	0.171600
-303.780131,	0.171800
-304.518944,	0.172000
-305.294699,	0.172200
-306.058140,	0.172400
-306.895462,	0.172600
-307.708157,	0.172800
-308.446971,	0.173000
-309.173471,	0.173200
-309.936912,	0.173400
-310.761921,	0.173600
-311.525362,	0.173800
-312.325744,	0.174000
-313.089185,	0.174200
-313.877253,	0.174400
-314.714576,	0.174600
-315.428762,	0.174800
-316.253771,	0.175000
-316.967958,	0.175200
-317.829908,	0.175400
-318.544095,	0.175600
-319.344477,	0.175800
-320.132545,	0.176000
-320.932927,	0.176200
-321.708682,	0.176400
-322.459810,	0.176600
-323.260192,	0.176800
-324.011320,	0.177000
-324.811702,	0.177200
-325.612084,	0.177400
-326.387839,	0.177600
-327.225162,	0.177800
-328.013231,	0.178000
-328.776673,	0.178200
-329.552428,	0.178400
-330.365124,	0.178600
-331.103938,	0.178800
-331.904320,	0.179000
-332.729330,	0.179200
-333.517399,	0.179400
-334.330095,	0.179600
-335.056596,	0.179800
-335.906233,	0.180000
-336.645047,	0.180200
-337.470057,	0.180400
-338.233499,	0.180600
-339.070822,	0.180800
-339.834264,	0.181000
-340.622333,	0.181200
-341.422716,	0.181400
-342.235412,	0.181600
-343.035795,	0.181800
-343.860805,	0.182000
-344.636561,	0.182200
-345.387689,	0.182400
-346.188072,	0.182600
-346.963828,	0.182800
-347.788838,	0.183000
-348.663102,	0.183200
-349.451172,	0.183400
-350.214614,	0.183600
-351.002683,	0.183800
-351.741499,	0.184000
-352.566509,	0.184200
-353.428460,	0.184400
-354.179589,	0.184600
-354.992286,	0.184800
-355.743414,	0.185000
-356.605366,	0.185200
-357.442690,	0.185400
-358.156878,	0.185600
-359.006516,	0.185800
-359.806899,	0.186000
-360.594969,	0.186200
-361.432293,	0.186400
-362.195736,	0.186600
-362.971492,	0.186800
-363.771876,	0.187000
-364.683082,	0.187200
-365.495779,	0.187400
-366.222281,	0.187600
-367.047292,	0.187800
-367.823048,	0.188000
-368.660373,	0.188200
-369.473070,	0.188400
-370.248827,	0.188600
-371.086151,	0.188800
-372.194375,	0.189000
-372.662292,	0.189200
-373.487303,	0.189400
-374.324628,	0.189600
-375.137326,	0.189800
-375.962337,	0.190000
-376.750407,	0.190200
-377.526164,	0.190400
-378.412744,	0.190600
-379.151560,	0.190800
-379.964258,	0.191000
-380.789269,	0.191200
-381.663535,	0.191400
-382.463919,	0.191600
-383.301244,	0.191800
-384.126256,	0.192000
-384.914327,	0.192200
-385.788593,	0.192400
-386.552037,	0.192600
-387.352421,	0.192800
-388.165119,	0.193000
-389.039386,	0.193200
-389.827457,	0.193400
-390.652469,	0.193600
-391.489794,	0.193800
-392.351747,	0.194000
-393.201386,	0.194200
-393.952517,	0.194400
-394.752902,	0.194600
-395.627168,	0.194800
-396.427553,	0.195000
-397.166370,	0.195200
-398.052950,	0.195400
-398.877963,	0.195600
-399.789170,	0.195800
-401.106727,	0.196000
-401.340686,	0.196200
-402.178012,	0.196400
-403.015338,	0.196600
-403.864978,	0.196800
-404.665363,	0.197000
-405.539631,	0.197200
-406.340016,	0.197400
-407.152715,	0.197600
-407.977728,	0.197800
-408.802741,	0.198000
-409.627753,	0.198200
-410.465080,	0.198400
-411.265466,	0.198600
-412.090479,	0.198800
-412.952432,	0.199000
-413.863641,	0.199200
-414.799477,	0.199400
-415.464413,	0.199600
-416.363307,	0.199800
-417.176007,	0.200000
-418.050275,	0.200200
-418.813720,	0.200400
-419.651047,	0.200600
-420.451433,	0.200800
-421.362642,	0.201000
-422.138401,	0.201200
-423.012669,	0.201400
-423.825369,	0.201600
-424.724264,	0.201800
-425.475396,	0.202000
-426.337351,	0.202200
-427.186992,	0.202400
-428.036633,	0.202600
-429.157174,	0.202800
-429.686660,	0.203000
-430.573243,	0.203200
-431.398257,	0.203400
-432.210957,	0.203600
-433.060598,	0.203800
-433.922553,	0.204000
-434.759881,	0.204200
-435.621836,	0.204400
-436.372969,	0.204600
-437.247237,	0.204800
-438.059938,	0.205000
-438.921893,	0.205200
-439.709967,	0.205400
-440.621177,	0.205600
-441.507760,	0.205800
-442.320461,	0.206000
-443.305553,	0.206200
-443.958176,	0.206400
-444.820132,	0.206600
-445.719029,	0.206800
-446.593298,	0.207000
-447.442940,	0.207200
-448.243328,	0.207400
-449.092970,	0.207600
-449.979553,	0.207800
-450.743000,	0.208000
-451.629584,	0.208200
-452.442285,	0.208400
-487.893357,	0.208600
-529.021160,	0.208800
-529.021160,	0.209000
-529.021160,	0.209200
-529.021160,	0.209400
-529.033474,	0.209600
-529.021160,	0.209800
-529.021160,	0.210000
-529.021160,	0.210200
-529.021160,	0.210400
-529.021160,	0.210600
-529.033474,	0.210800
-529.021160,	0.211000
-529.008846,	0.211200
-529.021160,	0.211400
-529.021160,	0.211600
-529.021160,	0.211800
-529.021160,	0.212000
-529.021160,	0.212200
-529.033474,	0.212400
-529.021160,	0.212600
-529.021160,	0.212800
-529.021160,	0.213000
-529.021160,	0.213200
-529.021160,	0.213400
-529.033474,	0.213600
-529.021160,	0.213800
-529.021160,	0.214000
-529.021160,	0.214200
-529.021160,	0.214400
-529.021160,	0.214600
-529.021160,	0.214800
-529.021160,	0.215000
-529.021160,	0.215200
-529.021160,	0.215400
-529.021160,	0.215600
-529.021160,	0.215800
-529.033474,	0.216000
-529.021160,	0.216200
-529.021160,	0.216400
-529.021160,	0.216600
-529.021160,	0.216800
-529.021160,	0.217000
-529.021160,	0.217200
-529.033474,	0.217400
-529.021160,	0.217600
-529.033474,	0.217800
-529.033474,	0.218000
-529.021160,	0.218200
-529.021160,	0.218400
-529.021160,	0.218600
-529.033474,	0.218800
-529.021160,	0.219000
-529.021160,	0.219200
-529.021160,	0.219400
-529.021160,	0.219600
-529.021160,	0.219800
-529.021160,	0.220000
-529.021160,	0.220200
-529.021160,	0.220400
-529.033474,	0.220600
-529.021160,	0.220800
-529.021160,	0.221000
-529.021160,	0.221200
-529.021160,	0.221400
-529.021160,	0.221600
-529.021160,	0.221800
-529.021160,	0.222000
-529.021160,	0.222200
-529.021160,	0.222400
-529.021160,	0.222600
-529.021160,	0.222800
-529.021160,	0.223000
-529.021160,	0.223200
-529.021160,	0.223400
-529.021160,	0.223600
-529.021160,	0.223800
-529.021160,	0.224000
-529.021160,	0.224200
-529.021160,	0.224400
-529.021160,	0.224600
-529.021160,	0.224800
-529.033474,	0.225000
-529.021160,	0.225200
-529.021160,	0.225400
-529.021160,	0.225600
-529.021160,	0.225800
-529.021160,	0.226000
-529.021160,	0.226200
-529.021160,	0.226400
-529.021160,	0.226600
-529.033474,	0.226800
-529.021160,	0.227000
-529.021160,	0.227200
-529.021160,	0.227400
-529.021160,	0.227600
-529.021160,	0.227800
-529.021160,	0.228000
-529.021160,	0.228200
-529.021160,	0.228400
-529.021160,	0.228600
-529.021160,	0.228800
-529.021160,	0.229000
-529.021160,	0.229200
-529.021160,	0.229400
-529.021160,	0.229600
-529.021160,	0.229800
-529.021160,	0.230000
-529.021160,	0.230200
-529.021160,	0.230400
-529.021160,	0.230600
-529.021160,	0.230800
-529.021160,	0.231000
-529.033474,	0.231200
-529.021160,	0.231400
-529.021160,	0.231600
-529.021160,	0.231800
-529.021160,	0.232000
-529.021160,	0.232200
-529.021160,	0.232400
-529.021160,	0.232600
-529.033474,	0.232800
-529.021160,	0.233000
-529.021160,	0.233200
-529.021160,	0.233400
-529.021160,	0.233600
-529.021160,	0.233800
-529.021160,	0.234000
-529.021160,	0.234200
-529.021160,	0.234400
-529.033474,	0.234600
-529.021160,	0.234800
-529.021160,	0.235000
-529.021160,	0.235200
-529.021160,	0.235400
-529.033474,	0.235600
-529.033474,	0.235800
-529.021160,	0.236000
-529.021160,	0.236200
-529.021160,	0.236400
-529.033474,	0.236600
-529.033474,	0.236800
-529.021160,	0.237000
-529.021160,	0.237200
-529.021160,	0.237400
-529.021160,	0.237600
-529.033474,	0.237800
-529.021160,	0.238000
-529.021160,	0.238200
-529.021160,	0.238400
-529.021160,	0.238600
-529.021160,	0.238800
-529.021160,	0.239000
-529.021160,	0.239200
-529.021160,	0.239400
-529.021160,	0.239600
-529.021160,	0.239800
